40.7903438767 29.5089808517
40.7903437100 29.5089806233
40.7903434500 29.5089802817
40.7903432567 29.5089800100
40.7903431267 29.5089796833
40.7903430950 29.5089794233
40.7903430517 29.5089790400
40.7903429883 29.5089785617
40.7903429367 29.5089778233
40.7903428283 29.5089767367
40.7903427200 29.5089756150
40.7903424350 29.5089745783
40.7903419883 29.5089735183
40.7903413950 29.5089722667
40.7903408550 29.5089710683
40.7903403400 29.5089697767
40.7903396983 29.5089684650
40.7903357650 29.5089668917
40.7903378817 29.5089658567
40.7903370250 29.5089646033
40.7903362300 29.5089630900
40.7903353717 29.5089616900
40.7903345700 29.5089605417
40.7903335433 29.5089593500
40.7903323250 29.5089581250
40.7903314700 29.5089569300
40.7903306600 29.5089554833
40.7903296483 29.5089540050
40.7903286017 29.5089526017
40.7903277133 29.5089513217
40.7903264500 29.5089501183
40.7903251433 29.5089491033
40.7903241283 29.5089479567
40.7903230100 29.5089465983
40.7903219500 29.5089451500
40.7903208900 29.5089438350
40.7903199883 29.5089425333
40.7903188383 29.5089413400
40.7903175867 29.5089402100
40.7903163833 29.5089389433
40.7903152467 29.5089376250
40.7903139050 29.5089361733
40.7903126283 29.5089351067
40.7903113550 29.5089340350
40.7903099100 29.5089329550
40.7903084350 29.5089316667
40.7903071233 29.5089306167
40.7903058383 29.5089293183
40.7903044033 29.5089283617
40.7903031517 29.5089275333
40.7903017400 29.5089269500
40.7903001500 29.5089262683
40.7902985583 29.5089257983
40.7902970400 29.5089251983
40.7902953283 29.5089245550
40.7902935400 29.5089239833
40.7902918617 29.5089234883
40.7902899167 29.5089232783
40.7902879650 29.5089231750
40.7902861717 29.5089230433
40.7902844483 29.5089230567
40.7902826483 29.5089230783
40.7902810467 29.5089230333
40.7902793017 29.5089231783
40.7902774683 29.5089234983
40.7902757533 29.5089236233
40.7902739700 29.5089237350
40.7902720950 29.5089239217
40.7902703783 29.5089242583
40.7902685817 29.5089249967
40.7902667200 29.5089257900
40.7902651133 29.5089265550
40.7902633683 29.5089272400
40.7902615250 29.5089279817
40.7902598667 29.5089289083
40.7902583267 29.5089300167
40.7902566283 29.5089313517
40.7902550200 29.5089327000
40.7902532717 29.5089340067
40.7902516217 29.5089351583
40.7902499467 29.5089363783
40.7902485267 29.5089374283
40.7902469450 29.5089386783
40.7902455117 29.5089399867
40.7902440683 29.5089410300
40.7902424283 29.5089420700
40.7902408617 29.5089432167
40.7902394583 29.5089442450
40.7902382017 29.5089451567
40.7902367950 29.5089465717
40.7902354483 29.5089478850
40.7902340533 29.5089490850
40.7902324150 29.5089505367
40.7902309217 29.5089519167
40.7902296567 29.5089536217
40.7902283600 29.5089554900
40.7902270933 29.5089571283
40.7902257700 29.5089585067
40.7902242300 29.5089599300
40.7902227750 29.5089614917
40.7902212767 29.5089630867
40.7902198683 29.5089646767
40.7902185100 29.5089662367
40.7902171600 29.5089676067
40.7902158667 29.5089688500
40.7902144517 29.5089703483
40.7902130300 29.5089719683
40.7902118033 29.5089735683
40.7902105067 29.5089753317
40.7902091150 29.5089764717
40.7902075933 29.5089776483
40.7902062000 29.5089787417
40.7902046267 29.5089803717
40.7902032950 29.5089817767
40.7902018750 29.5089831967
40.7902004133 29.5089845950
40.7901988833 29.5089859200
40.7901972450 29.5089874317
40.7901957750 29.5089890167
40.7901946700 29.5089905083
40.7901932883 29.5089922967
40.7901919633 29.5089937633
40.7901905717 29.5089953600
40.7901889517 29.5089968550
40.7901875500 29.5089983650
40.7901863233 29.5090000200
40.7901849433 29.5090017150
40.7901836083 29.5090030733
40.7901823117 29.5090043133
40.7901807400 29.5090057800
40.7901793017 29.5090073050
40.7901779867 29.5090088433
40.7901766533 29.5090104750
40.7901753217 29.5090120633
40.7901739517 29.5090135000
40.7901724150 29.5090149250
40.7901710183 29.5090164267
40.7901698050 29.5090180150
40.7901684433 29.5090196183
40.7901670950 29.5090211767
40.7901656533 29.5090224167
40.7901641783 29.5090236817
40.7901627233 29.5090251000
40.7901614750 29.5090266433
40.7901600700 29.5090282333
40.7901587467 29.5090300150
40.7901576000 29.5090316717
40.7901562950 29.5090331917
40.7901549850 29.5090349400
40.7901538233 29.5090369283
40.7901527367 29.5090389083
40.7901515067 29.5090409950
40.7901503667 29.5090427450
40.7901491183 29.5090442983
40.7901477267 29.5090459617
40.7901463600 29.5090477400
40.7901452817 29.5090495950
40.7901441333 29.5090516400
40.7901429700 29.5090536133
40.7901419067 29.5090552667
40.7901406433 29.5090572450
40.7901395600 29.5090594667
40.7901387183 29.5090615200
40.7901377850 29.5090639333
40.7901369183 29.5090661567
40.7901359850 29.5090682217
40.7901348450 29.5090705600
40.7901340333 29.5090728767
40.7901333633 29.5090751683
40.7901328700 29.5090776750
40.7901324867 29.5090801617
40.7901320717 29.5090828783
40.7901316033 29.5090858717
40.7901314250 29.5090890283
40.7901312250 29.5090918817
40.7901312800 29.5090946683
40.7901312667 29.5090977617
40.7901313200 29.5091005567
40.7901313167 29.5091035250
40.7901315983 29.5091063067
40.7901320283 29.5091091250
40.7901327267 29.5091121500
40.7901332500 29.5091147750
40.7901338000 29.5091176650
40.7901345617 29.5091207317
40.7901354800 29.5091234550
40.7901366817 29.5091262083
40.7901380600 29.5091290417
40.7901391150 29.5091315817
40.7901403333 29.5091343300
40.7901417300 29.5091371100
40.7901430850 29.5091394017
40.7901446967 29.5091419333
40.7901461067 29.5091442767
40.7901474617 29.5091467067
40.7901489967 29.5091491733
40.7901505650 29.5091515267
40.7901521650 29.5091536350
40.7901540117 29.5091558483
40.7901556517 29.5091580417
40.7901571967 29.5091601983
40.7901590417 29.5091622933
40.7901608467 29.5091640183
40.7901627267 29.5091654800
40.7901647367 29.5091670967
40.7901664333 29.5091684900
40.7901681883 29.5091700717
40.7901701467 29.5091715067
40.7901721067 29.5091726083
40.7901742167 29.5091736200
40.7901764650 29.5091745417
40.7901783800 29.5091754883
40.7901802983 29.5091768050
40.7901823300 29.5091777983
40.7901845750 29.5091783900
40.7901868317 29.5091793167
40.7901887283 29.5091801883
40.7901905633 29.5091811167
40.7901926200 29.5091822450
40.7901946567 29.5091831717
40.7901967033 29.5091838517
40.7901988483 29.5091847717
40.7902008150 29.5091856083
40.7902028117 29.5091864717
40.7902051067 29.5091872050
40.7902072000 29.5091877783
40.7902093100 29.5091882550
40.7902114867 29.5091887450
40.7902135083 29.5091891500
40.7902155033 29.5091892450
40.7902195900 29.5091893967
40.7902215067 29.5091890450
40.7902234100 29.5091886867
40.7902252483 29.5091882567
40.7902269750 29.5091880783
40.7902287800 29.5091877317
40.7902305850 29.5091870933
40.7902321250 29.5091866317
40.7902317800 29.5091855167
40.7902333550 29.5091850133
40.7902367350 29.5091851100
40.7902381633 29.5091847217
40.7902397817 29.5091844300
40.7902413183 29.5091841433
40.7902427867 29.5091838367
40.7902425417 29.5091835483
40.7902440533 29.5091835933
40.7902455533 29.5091838500
40.7902489900 29.5091847283
40.7902506283 29.5091851583
40.7902520817 29.5091857000
40.7902537433 29.5091866083
40.7902553167 29.5091875800
40.7902565867 29.5091887367
40.7902578783 29.5091901667
40.7902591450 29.5091917617
40.7902603633 29.5091931467
40.7902617217 29.5091946250
40.7902630767 29.5091962467
40.7902643167 29.5091978283
40.7902655017 29.5091993417
40.7902651000 29.5092007633
40.7902664783 29.5092023083
40.7902696817 29.5092041217
40.7902711233 29.5092057017
40.7902704367 29.5092068800
40.7902714067 29.5092085883
40.7902726850 29.5092105517
40.7902738900 29.5092122083
40.7902750150 29.5092137667
40.7902764033 29.5092156550
40.7902775783 29.5092173000
40.7902783900 29.5092189217
40.7902794983 29.5092209867
40.7902804517 29.5092226917
40.7902815217 29.5092242000
40.7902825250 29.5092257200
40.7902834600 29.5092271167
40.7902842000 29.5092284050
40.7902850717 29.5092298500
40.7902859683 29.5092313317
40.7902885450 29.5092326917
40.7902871350 29.5092335667
40.7902877467 29.5092344750
40.7902883150 29.5092354733
40.7902890900 29.5092362867
40.7902895867 29.5092368783
40.7902899217 29.5092375300
40.7902901533 29.5092379600
40.7902902733 29.5092381617
40.7902903967 29.5092383033
40.7902903683 29.5092383900
40.7902904267 29.5092385267
40.7902904800 29.5092385617
40.7902905917 29.5092384933
40.7902906900 29.5092384550
40.7902907267 29.5092383900
40.7902925233 29.5092384100
40.7902908467 29.5092383867
40.7902906867 29.5092383850
40.7902907100 29.5092384250
40.7902908117 29.5092384217
40.7902907733 29.5092384183
40.7902907650 29.5092383667
40.7902907950 29.5092383550
40.7902907917 29.5092383033
