46.777462005615234 -596.8300170898438 2.4885942935943604
48.74336242675781 -596.8460083007812 2.445719003677368
50.683345794677734 -596.8800048828125 2.4089412689208984
52.58709716796875 -596.9656372070312 2.366492748260498
54.47551727294922 -597.0343627929688 2.570831775665283
56.7703971862793 -597.1141357421875 2.8511736392974854
59.033233642578125 -597.1719360351562 2.8101794719696045
61.698204040527344 -597.245849609375 3.2898752689361572
64.27167510986328 -597.3181762695312 3.23530912399292
66.83634948730469 -597.3914184570312 3.182349920272827
69.3600845336914 -597.4646606445312 3.1353554725646973
72.30352783203125 -597.548583984375 4.002964019775391
75.47209167480469 -597.5806274414062 3.9304633140563965
78.58851623535156 -597.6099243164062 3.8658945560455322
81.61637878417969 -597.6388549804688 3.8086395263671875
84.63313293457031 -597.6681518554688 3.7462639808654785
87.410888671875 -597.6946411132812 2.7704501152038574
89.60513305664062 -597.6608276367188 2.7189016342163086
91.69512939453125 -597.2684936523438 2.6384503841400146
93.50773620605469 -596.3434448242188 2.4851040840148926
95.08558654785156 -594.8837890625 3.1432855129241943
96.58187866210938 -592.9305419921875 3.0126330852508545
97.48542022705078 -590.7357788085938 2.9124464988708496
97.61915588378906 -588.51953125 2.793745517730713
97.68021392822266 -586.2655029296875 2.7653985023498535
97.72985076904297 -584.039306640625 2.7322921752929688
97.74476623535156 -581.4279174804688 3.358022689819336
97.7391586303711 -578.5418701171875 3.67081618309021
97.7342529296875 -575.6694946289062 3.613555908203125
97.72897338867188 -572.54296875 3.991349220275879
97.72395324707031 -569.3789672851562 3.925022602081299
97.71904754638672 -566.2652587890625 3.864816904067993
97.71416473388672 -563.193359375 3.8215584754943848
97.70928192138672 -560.1561889648438 3.7771918773651123
97.70433807373047 -557.1163330078125 3.7297775745391846
97.69945526123047 -554.1532592773438 3.6835222244262695
97.69463348388672 -551.269287109375 3.627495050430298
97.6900405883789 -548.3515625 3.60703182220459
97.68521881103516 -545.2118530273438 3.9469802379608154
97.68033599853516 -542.0819702148438 3.8808631896972656
97.67539978027344 -538.9794311523438 3.7824385166168213
97.70214080810547 -536.0377807617188 3.6713318824768066
98.13623046875 -533.1350708007812 3.5826728343963623
99.46910095214844 -530.8778686523438 3.147453546524048
101.53636932373047 -529.7164916992188 2.7544732093811035
103.967041015625 -529.1058349609375 3.644963502883911
106.7980728149414 -528.5940551757812 3.5739526748657227
109.58735656738281 -528.329345703125 3.5235908031463623
112.40357208251953 -528.125732421875 3.448777198791504
115.11375427246094 -528.0054931640625 3.3549015522003174
117.76840209960938 -527.9815673828125 3.300218105316162
120.35568237304688 -527.9526977539062 3.2593026161193848
122.9745864868164 -527.9230346679688 3.2127444744110107
125.52161407470703 -527.8937377929688 3.1607964038848877
128.02813720703125 -527.8644409179688 3.1091535091400146
130.4947052001953 -527.8375854492188 3.0645437240600586
132.84825134277344 -527.43115234375 2.9421870708465576
134.72735595703125 -526.2301025390625 2.7410104274749756
136.05810546875 -524.6107177734375 2.598553419113159
136.95359802246094 -522.8115234375 2.4964687824249268
137.4654541015625 -520.697021484375 3.3111023902893066
137.59567260742188 -518.0719604492188 3.2337920665740967
137.73928833007812 -515.5140380859375 3.1754674911499023
137.85975646972656 -512.6131591796875 3.937680959701538
137.89019775390625 -509.5022277832031 3.8630857467651367
137.9390106201172 -506.44219970703125 3.7980053424835205
137.9870147705078 -503.4311828613281 3.735481023788452
138.03456115722656 -500.4676513671875 3.681870698928833
138.08094787597656 -497.55059814453125 3.621730089187622
138.1268768310547 -494.679931640625 3.5609686374664307
138.17393493652344 -491.73028564453125 4.114396095275879
138.22377014160156 -488.5129089355469 4.045255661010742
138.15756225585938 -485.2738952636719 3.9700090885162354
138.1099853515625 -482.1271667480469 3.903029680252075
137.98533630371094 -479.0376281738281 3.8394908905029297
137.7661590576172 -476.04864501953125 3.750084638595581
137.0668487548828 -473.1358337402344 3.6665823459625244
135.843505859375 -470.54119873046875 3.492540121078491
133.8443603515625 -468.7153625488281 3.3297741413116455
131.50827026367188 -467.5573425292969 3.237677812576294
129.15638732910156 -466.5750732421875 3.1170971393585205
126.76189422607422 -466.448974609375 2.9493000507354736
124.39246368408203 -466.4575500488281 2.896378993988037
122.10076904296875 -466.2908630371094 2.8524084091186523
119.84281921386719 -466.15167236328125 2.8068387508392334
117.6192855834961 -466.0148620605469 2.768068552017212
115.4303970336914 -465.880126953125 2.722527027130127
113.27607727050781 -465.7474670410156 2.677924156188965
111.15575408935547 -465.6168518066406 2.6393508911132812
108.78489685058594 -465.4708251953125 3.119751453399658
106.3175277709961 -465.34893798828125 3.0653226375579834
103.8900375366211 -465.2302551269531 3.0132458209991455
101.5020980834961 -465.15814208984375 2.95965576171875
99.18502044677734 -465.166259765625 2.914212703704834
96.81733703613281 -465.1508483886719 3.0790388584136963
94.37681579589844 -465.1503601074219 3.0257508754730225
91.72053527832031 -465.1594543457031 3.5095303058624268
88.93492126464844 -465.1692199707031 3.4611129760742188
86.18924713134766 -465.1789855957031 3.4132137298583984
83.48440551757812 -465.2828674316406 3.356527328491211
80.53558349609375 -465.537353515625 3.909381151199341
77.50504302978516 -465.9810485839844 3.8532958030700684
74.54447174072266 -466.78680419921875 3.7555112838745117
72.27637481689453 -468.5223083496094 3.5503456592559814
70.40363311767578 -470.6142883300781 3.481759548187256
69.36771392822266 -473.0378112792969 3.2029941082000732
69.14014434814453 -475.5557556152344 3.106673240661621
69.17584228515625 -478.0342712402344 3.075882911682129
68.99137878417969 -480.8159484863281 3.723702907562256
68.81714630126953 -484.010009765625 4.283486843109131
68.63452911376953 -487.3582458496094 4.214059829711914
68.47744750976562 -490.73638916015625 4.142650127410889
68.32392883300781 -494.02093505859375 4.087902545928955
68.17252349853516 -497.26019287109375 4.032368183135986
68.0230484008789 -500.45892333984375 3.9812722206115723
67.8753433227539 -503.6192626953125 3.9313642978668213
67.7337646484375 -506.70166015625 3.885240077972412
67.64823913574219 -509.8154296875 3.819300651550293
67.53280639648438 -512.8384399414062 3.7503790855407715
67.42121887207031 -515.7674560546875 3.667198657989502
67.31107330322266 -518.658935546875 3.569972038269043
67.18885040283203 -521.5099487304688 3.4954729080200195
66.55660247802734 -524.1506958007812 3.3412933349609375
64.9133071899414 -525.9483642578125 2.870248556137085
62.916160583496094 -526.818603515625 2.695317268371582
60.50522232055664 -527.101318359375 3.3337438106536865
57.86384582519531 -527.27392578125 3.3015670776367188
55.24555969238281 -527.4765014648438 3.2631802558898926
52.225257873535156 -527.6862182617188 3.8547585010528564
49.226417541503906 -527.7764892578125 3.76351261138916
46.35683059692383 -527.8477783203125 2.463470697402954
46.07705307006836 -527.854736328125 0.0009096809080801904
